00001011010010001100100101010010000111101100010001100000101001001000001100000101101010110111001010001011001000000001010110111110
11110101010000011100010011001011010111100100111011100110111100101010001000111111000110010010110001100100010011010111011011111100
00100101000010011010100111111111000111100101111010010110001100010101000110010011011011011100101111001001110101001001110101011001
01000101011000101101100011111111011110011011101100000100011010001000011100110101110000101000110110110000001010101011000110000101
00010111001100101001110011100111111010100001100100100111001011111011010110001111011011110100010101001000110110100101001010101011
00011000111111000101101001100011000010010101001100110010110000000101010011000011011010111110000001010001010101100011000000001001
10011101111001101110010111001110010001010001010100110110101000111011111010100100100011111110001000101110100111101101001100100001
11101110000000001000000010001010011100001111010110010011000101101110100100100010000110100101010000101110001011010000010000000010
01101001100101100101010111000010011111010000100110001100111000000011110100100111101001011000110110001011010001010011010001110000
11010110001000100110101000000111010000100101000011111101010110011000001111110100011100110000000000101100010111110101011101100000
01001111111101100101010111110011000011011101011000101001011000001000011010001011010110011010110101011011101110101111111011001110
00111111001010110101101010100001010110101111000100100101110111111001100011101000011101100110100111000000100100110101010110010010
11101010111001001010101011101101011000100010111001010110111100000000110110111011010101010001111000111111111011111110110101101011
00111111110100101100000010001110011000000001110100111000010000111011111100010001101111100111111010010001001011000000101010101111
00000101111100011100110011011101110110000110111001101010010011100101110000000111100011100011001000110101100101110101000000010010
01000110111011110001011110111110010001001100000100110101101111111010010010100000000100010101111011000101110010011001000110000010
11100011000010100110100111011111011111011011000010111011010000111111100001110101011110010111101001011011000111111101101110000110
11110110011011111010101001011100101100001100110111111010101111010111111010010001100010110010110011010111010101111110101011100001
01110011101011111000101010000100110010101001011011101011100101111011010110011100011110110100100000110100100001101000110110110011
01010101000000010111010110100000000101110101101110000111000111010000000100010010010000011000110111010100101100101100110010000001
00100110010000011010000100111100001110010000100010000010001100100100001011010010111010010011111101101110110111011010010101000010
00011001011001011111100100111111101100111010000100111011011111000100010101001100100010011001000100010000001110000010100011110000
10001100011011000101111101111100110010010111111011100011011110001110110111010000010001010001010010100100100011111110100100000100
01111111010001000001101110011001001101010000000000000111010101001001010000100101110111111001001010110110001100000111110101000010
11100110011111100010111101101010001110011001001001100110101010110000101111110111110000110011011011111011001001001010100110100011
01111011000010100110001010000000011100011000100100110100101101101110001111000010011011110111011101001101010011011000011001111000
00011111110111100001111111010011001001110111001111000110101100100011111011111100001011110110100011100100100010110000000001110010
01100001100001101110010011111101011101111001110100110110010001100000110111101011010011001110111000000110100010111001010100111011
00111001110011000011000110010011011001101010001100101010000100011101100101100100011000110001100110011100111011100011001110010110
01011001100010100010101011100010101101111000000000011110010110101110101010110101111011100111100110011101111100000111110110000010
10110010000110000000011011110100001000101001001110100001010100001001010100100010000100000111001000100010111110011011110110110111
10011011011100000001001010001111010010001101111110010001111010101011101000000110011100111111011011100001011010000000001000010001
01010011000010011010110000011111011111111101010101010000011000000011000110010100110111110010001011010111100011010100100101101111
10101000010000111100110000001100000100110000011001001001111000001000111001000111100010000111100000100000100001001000111010011101
11011001100000100100001101001111101001111011010111111100010101000111001110000101000111100101010001100000010000011011100111110001
10010010110010110001001100101111111000011101101101100000111111111010010111111101000100100101100110110010010111111001000111111000
10100001001000010010011110011000000111010001001000010100111100000111111100000101011110100110001000110011001100001001000110110100
01101101111000101000001011001011011011010100101101011010100111011000101110111100111100001001001100000100011101010000010010111000
01110100000110111001100100000110110111010000101001111100101101101100010011000011110011110110110011100110110100110110000110010100
01110000010100101000001111110010001000111001110000000010011110000111000101101111111010000100111101001100011101011000011000100101
01001011111000010010110001111111110100111010101101000011000100110100111001001101100100110110001111111101011100010000101101000011
10101010010011100111001110110000111111111001000111001010100001111101010001100110001100101011010010010001111001011100001010101100
10110111110101110010010001101000011001110010100110101000000100110010111110110110011010110100101000110101100101111001101110100100
11010001100001010110111001001011000100111011101010000100011101110000010010001101011001101111110111100000000011100111001011111001
01001001000011101111101011001000011101110110111100100001001011000100010000100000100000000010111110101101100010011010110011011110
00011110101000010000101011010000101010011011111110010011011001111101000011101010100101010100101000101101110001110110011001000001
00011110111000110011000001100000010100011000110001111010001110111111110001101000100010011010011001111001101011100110001000010110
10000100011110101111011101110011101010111011111000001101011000100110110101100111101101110001010010011100100100001111011011100101
10100110000101010100100001011101110000011001100001111100111100001001100011100111000000010100001001100000011000100001111111111010
01001111101001011111001000101100111101111101100110100001011111010110001101110110101000100000111101010101000110101100010000010111
11110001010010111000001000000000111110111001010100100101000101111010111110001011010011001001001100011101110010010011110110000001
10001000110101111110000100001110111111100111011110010101001001110111011010000011101010000010000000101101110111100000001010000001
00001000000000110100111001011100000111011001001101000001000111101001101101010100100100001000100001111011100010111111111110111010
10000000100001010000011101110100101111010101001100110010011011111001000011100011101001010100111010011010010111000110000000010100
01011011101111100001111010010100111010100010001111100110000110111000001011111001101111011000101100111010001000010011000110111111
11100100101001100010001001001010011000001011111111001011000011011101000010010111111110100000010111000011111101110100100011010010
10111010000101010101111010111000010101111100101100110001011101001011000110100001001110101111111110110101000000001111010011101010
00010111100110000100100111001000011100010100001010111011010100001001000000001110111001111001011101000110101100001110011001011000
00111101100101100000001100010111111110110111100101101010010001111100011111111110000011100000111010010001111110111011011011001101
11100000111111111101111100000110101011011010011001101100000111001101010011010010001001111111010110000000101011001001100110001110
11001000110011000111111111111101011011011001100100000100011101001000110101100101001010111110100000001010000100100111110001000010
10101110110011000011000110011111101101001011110010001111110000010101010011101100110110101001101000101000111111011101110111101100
10001000101011000100010000101000000100001111000100111101010001000101010111111000101000100100111110001111011110000111100011100110
00101011000000110010110110100011111010011001101110100011000101110101111011001010101011011011001000001100101011101100101101111010
00101000001110110001110100010011110011100010000111001001001100011110001001110011011010000101101100000101111101011110000000101000
01101011000110010000101110101010011001101110011000011001011010001110111011000111011000011100000000100000100010010010010000111001
01111010011001000010001100110011011111110101111101011000110100100011011011011110001101000001010000001101101000010001000010011010
10110011001011000010010110000101000110010010111010000011110011001101110010010011100000111101010100000001101000100010001010101111
10110011011111010011011011001010011100111011011101010110101000110011001111001100011110010001111101100101001100000011111111100000
10100000011111001010111111111101001001011000001100010001111000110000110111001100110111001110010011010001110110011001100011101101
10011110111101010111010001010101000111101110001110100101010110000101111111001110000011000011110001010011011000110110110000111011
01111001100111000001001010011100011100101001010111100001101000111011000100010101000010001111110111100011001011110111110011011010
01001100000110001100010011000001110010101100100010001100000110010000111010011010111100001110010101110010101001101100101000000100
01100100000011010110010001010001010101110010001011111000111010010001011111110000000111001001011110000001100100111100101101111111
00110001000010101101011011111111011001110000110101010100010100010111000111110011110010110111001010001111000111000010100110010110
11000110010100111101001100001101110110110110001001110010111010011010001100001101110100010010001010100001001100000010101000010000
11110010011010010110011000011001111000000011001101001111000010101110000011000000111011111011000000000111000100010000001010000111
10110011101001011111011001011100011011111001000100100001101001111001100011110100000011011101010010001100111010110101110110110011
00000100110100111111101101000010100000001101110010001011100011001001100010101101110111000111101001100001010010110000100110110100
11000010000100110110110100110011000011100101001001010001000100111110110010111011100011001010001101001111011111100001001100110011
10110100101000101010100011110010111110111011111010111001011010100000101111011010001101000100100100110100001010000000010010110111
01010100010000101101011101110001101100100101110010001000100111011011101000100010000001001100100110001010110000011100001100110100
00101101000101001001110000100011000011100100100010110001010111000100000010100111110010101101000001001110010100010010011101110100
10100001111100110010100000110100100100111011000101100010010010001000100001011111011010011011101010111101110010001010101110111100
10010111000110110011111010011011001001001010110111010110011101000111000001000111011010101101100001011110000111000011100110011010
00011100111000110110011010000100100010001000110111111111101101101101000111001111101010111101110111101110010001101100001011000001
11001100000101001100001101001011110010010110011101111110100101000110111001011000011100110010011111101010110010100011111011000010
00010010100101110110111011110101000001011000101000001001111111101101001111100101001111110011011001000001100110111110010011101011
11101100000010001011101000001111101110000101100011001100110000000110011110000100100001011110100100100000010000011111000011110100
11010011101011111101010001110000101010000100011100001110010000100101001110101010110000010111111000001011010101000110000110101111
11010010111010010001011110010011100100000100111010100010100010101110011111111111100011010100010010110000100110111001111000111111
10000110000011011101001111000000101110100101111001111011011011010111011110111110111001111010000000010001010111111011110101010010
01010110010111101111011100110111101011001011000110010011001111111101111110110110010100011011110111111110101101000001100111110001
11010101011111010100101001001100101011000110010001001011100100110001000101010100011000100100000000001010010110111100010101010000
00010100011011001101011000100111100101010101011111000001101011101010100100011110110110000101110101100101101100110001100110110101
00110110010001010010100000001000011101111101110100110110111101110100001001111010011011101011101001000101101000111111011011101010
00110011110011001100111010010011011010000001111100001011110100000000101010011110001011111001110001110111010110000011011110000111
11111000111101001110010000000001010111101101001111001001001001001000011100100001011000001001011100110010010001100100011011000111
01101100101101111001101010110010110101011000011101100001110100010111010101101011110101000000000000011110111011011100010010111000
10000101000000101000010111011101101101000010000010110110111100111000100100000011011011001000000111110001010000001101100010011000
00100000110111111000100111000001111101110011100000011111001111110101110110010011100111101100100011110010000101001100011001011010
01011011100100000011101101001110100100100011000110000011111111000111001001011100011110000011110111100000011010000101010010011101
01100011110001011111111010001100001000010100011100001100110110111001101001010100111000011001111010111001011010101011110010001101
10111111111110011000101001111010100011000010000001001010111111111000001111011111001101011100000110000000111011100100111101110010
10000101010011101010101011010111011111010001110110110001101001011001010110000111110110111101111010111110101100011111111011011000
00110000000011100001001010110011011110111011110001100010010001101000011011110100110110010110110011000100010111111000100100010000
01100000001011101100000010001000010110100100001001011111001000000000010101100100100000101010011000000111100100011110111011011101
01100001101110100000110101101011001111011001011000001011101010000010111000100111110000001001110001110111110010111101011010110110
01011010100110100010001100110110101101001110100111110011000011011101110010100100001110011011101100110111011110111000010001010100
01101011110111000101011010101111110110001001111101011000110010001100000000110100101100000100010000001110001101100110011111101001
11100001110110100101001110111101010011000001100000100101000011010010010001100101110000111110001100101100001110100100100001101111
00000111000000010000010011000101011100100001001000110100101110100001110101110101011111000010010000000101000101011110110010100001
11100100100010000100011100110111111001001011011000101001011111011000111011110000101000000100000010111101111101100111000001110010
10101001111101111101001010101111011100001001010111001011011110110100000010101011100011011110101000011001010101100100001110111101
11100010101110110101001100000110101101100100011111111000100111111010111100110000001000111111110000111111011010111111011000000100
10110101100011010100010110010011110001010110110111000111001011111100000000010111101111001110010111100001111001100101101011100011
01000010100000010001010011110000010110111000001010010011010111111101001110011011001111110100000011011000001000001001001101101000
00000110001010001010100110000101110111100100101010000011101000110011010100010001001101110011111111110011111000000100010010110101
01000010101101101010011101111011101000111011010001001000111110100011001000001101100111001001000101001100000000111110011000110100
11010000000100011010100110011100100000001101000110000000110000011101010000110111101110101110100101000010001000100011011110010000
11011100011011000111101111101010000101100110100100100001100101100011010110010100110111100011010010011010001110011011100001001011
01001111100100000001001011011010100110110011100101011100001000000001101111101111000100110111101011000011110111111100101010011101
11010111100000000011001111010011000111110100101100011010110011000010101100011110000111101011101110111111010101000000001101011001
10000011100111100100101011010001101000111001101001101100011001000110000101010010000111001110111001101010100101000011101010110100
00100000011110110001000011101111100101111101001100111100101110011000101111110100111000000100000111001111100111000100101100100100
01111000011110010111111111101010110000101010010010001010100101011000101010011001001011111000000110100011000010000000011111010101
11000100111100001001110001010100010010001101100101000101101100100000000110110000001010101111011110001000011011100101111010010110
00001111110100101000010011011010111010000010101111111111111001111101001000100000100011111000001110001001100100010000010010101110
10011100110100000101011011010001010110000101101001001011100001110001101110010010100101111100111111000000011111101110101111010110
10100011111000011111100001100110110010011000000110111111110001001001111011100101000011100110000101100011001101000010101011100000
01100101100010010010100100111111010101110001101011000010111110100111111100010011011010000101111010010110101010100110110101010111
00010101111000001001110001010101110111001110101011001010101110011101010101000100001101110001101101000110111010101100110100101101
00111010000010011010000111010011000101011100110110101111011100111011000110100000000111000011100001100010000110100011010100010010
00111111111001110011110010001010100000010100110110110011000010011111111010001110010110101100100011001000001000110111111011000111
00010011111011000100010101101101101011111100010000011011111000101100111000110111100000010000111011100011100011011110011110101001
10100111010001100000110011111110101001101110010001000001101001011010001001000101110110101011111000001100001000001001011110110100
01000110000101001100111111111110101101010011010111011110000111111000011101110101110011111000110101011110001010111001011001011101
11100011000110010000010110010111001010111011110101000101101011000001110001110101010100011100111001011110101100110011011010100001
00000000000000000000000000000000000000000000000000000000000000000000000000000000000000000000000000000000000000000000000000000101
