00011101100111111100100110111111001100111100011011101000010101101100001001100110001011101101110111011011000111111010001111010001
10011010011010000001000010100010010101100001011011000110100011110000000110110110110001101101111100100110111111110110110100111101
00101111111010111100101111001011001001100100011100000001001111001100111011010000010101100100010110001011001010110001100001110100
10111100101100101000110000101010000100111110010010001010101101001100001101101111100101010001100011000100110001101010001001000110
01111001001101011110111011100111101110111001101000011011010100111110111101101010010010111000011100001111111011110101111000101110
01110101111010011011110101001111100001010010011001001000010011110000100110001010011011111111001001111110000110010101011001100000
11110100110001000000101101101000010110100101000001000001000101001101101111100110101100110110111001010011011101001011111111010011
00010100010000011110011001101001011100100000111001111011010010010111011000110110111000101001001110101010000110110000011101101010
00110001011110111100000001011110111001101010101010111010111111010010110101000001110001010011100000111110000010101110011011000010
01100001011001010011011001111100101110101011011010111100001010111101110011011100110101010010101111001001101110001001000101000111
11110010110000100001010010011100100001101110101110011110110000100010110001101110110100111100110101110100110001010011000011100010
00011100101111001110100001111101110110010011000100011110100110010111100100101010011001011000000100000011011101110111001100011101
11011101100101100101010100110000011001110010111000000111111101010001010011000111110001111110111101000011110110101011100011001101
01111011100111010011011010011111100111011000110001010011100111000100101011101110101011101110011110000011111100010110110101000100
01110011001001110001010111101100010111111010000010000011011110100010110111100111011010111001100011000111111110000011100100110011
11011010011001100010000111000100111101000110000010101100001000001010110001000100111100010101101011010110110001100110100101010100
10110001100111111010101101110101101111000111111101010011001001110100101000110111011000000100100011011100010000100000010011001001
00010100011110010000101100011001110110010110110011111000000010010001001110100010010010001000101111011111111110011100111001011000
10110101100100100110101000001011010111011000111001000011011011110000111010111101010011000011000110000101100101001111111010011110
10010111101011101100001011011000001011010010111001001011100011011000010111100011101100110111010100110000101000110010101101011100
01011111111001100100100000110000100110100011111110111110110100111101101101000100000011010011010101110101101110110100111101101000
00011111110010101110110100010101110111000110100011000011001010101001001100001111111100000100010011110000110110000010110001001101
00010000000101110100001000010011101011001100010111110011000011011111011111111110100001000000001011100111001110010110100000010000
10110011010000111001010110010001001111000001110101100100111100111100101011100111100110010010001011111110010000100010001111111101
10100000001011111010111100110110101111100101001000000111100000010100000011101101011101110010001110101100100111011010111111000010
01001000000001110101110011111111110101111010111111100110011110001000000101001010010100010110110100101101100111010000011000110100
10111000011111101101111010011000001111010111100011100101100011001111011110101110111001100001110100011001111101111101111010100110
10000101110111111111111100101011010000100111100001001010111001111111001001011100011100111010000010000001101010100101101011010100
11100111100111101001001011111100110110100011011111010111001101010011100101101011111111001100011100011110110011110110010011101001
10111100111111111000011010000011010011100101110100100110100001101101000100110111001101001011010110100011110011011000100011100000
00100011110100011110111100100011000100010100111110011010011011111010101000001000101010011110000001010001101011010111011111111001
11011110011111111011101001111110011010001111001100111111000010111110111100110100100111101100000111001011001101010000011000000001
11010010001111101110101111100001010110110101100110001011001010000010011111101011100111101001011011001111010100110110000100101101
10101000001000010110000111000000010001011110011001001000000011110111000010101101110000000110101010111001111110001000101001100101
00011010001000100010111011011101111010110111101010100100100100101001000100000010011011101100100111000011000111100110000111000011
00111101011111101100010001101101000011010110101011011110001010010010101110000100101100101111010000011100100110101110100100000000
11011011101000101000010100101111101101010000010110111110111011010100111011100001111101111111110011000010110010101110101101100100
00110111000000101101110110011010110010110101000101110101010110001011001100000011011100011100101010101000010110111000111001000010
11011010100100100011101111011111001100001100100101100001101000001000011100000100010010110000110010100001000101100100110011100001
00001101000110110000110011010110001100110111010100100110001000000111111110010111000010001101001110000110001111001100001010001011
01011011011010101001010000010000001011100000101110001001111111110010011011111000100000110000100111100100100111110110011000101100
11010111111000001010010011000001010000111001010111111011011000000010011111010101100100111110101010110111001110010000101011011100
10100101010101101010000111010010000100111100011101000010110101011000000111001111101010001011010110011011111000101101101010111100
11001000000001100110111010110010100001010011001100000011001100001010001010111100010100110011011010110100101101011001011011001010
10110010000000011011100001011001010110010100100000110001011010010011000011111101111000100101000000010101101111111010001000100010
11101010111011101100101110001011011100100111101000000000111101001110011010100101101011000001110111000011111001100111000100100000
01101001011001101010110110000100010011010000110110000101110001101011011110001001010101110110111011010101100101110001011111010101
00110111001011101000010110111111011110010110111000100000100100111110111000100110010000001001100101000000000110111000000111000111
11100100101010100111010000110011001100100111011011001010101000000100110011101010010001000111110000100010000010001001010111011011
01010101110111101000110011000111011111001001010100011011100011111000010101010101011110110101110010000001011001000110011010110011
00001101011100010000110011001011110000011001111101100100001110011110010110011000011101011001100100011000100011001000100110111110
01100010111010110111101111101010101001101110100101110101111001100110110110110101101101000000000101100001110000010100101111110100
11101010001010000010010010001101110011111111001100110110101000010001010010011100001100001101011011100101111000101000110001010010
01100100100110010000011001100001100111001011111011011010100010110001001001000101100010111001101000101000111111001100100011001010
01011010110010000100000000001111001011101001010111111000101101101010010011000000100111011010000101101000011111001010011011110111
00111011011100111101110100001000100011110010011000000000000011000110000011010000000110010000010000111010010010001111011010010110
00110010110000111101110010000010101000001100010101101111010111101000111100111001000110110011011111110010000101001011011001000010
11100110001010111101100011010111001010010001111011101010011000001001100010001111101111100010001110000111010100100001011001111011
01011010110001111010000011100100100000111101111011110101000010000011011010011100011000010110010001010110100010111100111001110100
00000011011100110000011100010010000100000001111110000000000010100000010011000101100000010001111101001010101100010001100110100010
00111000010001001111111000001101111101001001010110000111011001000011101000100010010000000001011011101101010111000100001100011101
10011011011010110011000001101001110011010111001101011101010001001101001110001011010101001011100110100111110011111101001110001111
00001000010101001111001010110001001001110100000011011000010110101101110000010010001000110111110011000011111111000001100110011001
01000000000111000000011100010011001100001100000110100111011011000100110100010011111010111100000010111000101011111100101010001111
10010010101101000000101001000111011001010001000010110010101001101001011100111111011100100001011011100110111000011100110011011110
10000111010100111010010111011101110011111001001000010101000000001011100001001111010001111001101001011010001111011100111011010101
00111001110010110101011110100101011000110111100110001100110010010000100001110111110111011010000001111110010100110000011010010110
11110010101010011000000001010111001000000100000001000110110111111011100111000111000000001101100000100001000010111001110101110111
11010000000111100100100010000101101101111001011110010000001011111100011001010011111111101001110000101100111010001011110001101101
11101010110011010011010100000011101000100100010000101001001000010010101111000010100111101100011101101001011111111010010010001000
11000110000110100011101111010010001001001100000011001011111101101110001110011010010111110010100101011100000001101000101010110000
01111001101100111111110111110011001110010100101001101000101101001101111110001011111111101001001000011101010110111000001010000101
10111000100111101111111010001111100110001000111001110011101110000001011011100000101101001111001110011000100010010111001100100111
10000111001101100100011000110001110010111000100000001101000010100001110110101010001011110011011100010000101101101000001110011010
11110111111001001001111110000011001111000111000101011010101010101010010010011111011101101000111010011001000110011010000010010010
01000111110101101010010000101001010011001101111110000001001010101111001011110101111100100111000010000011111100000011101101011001
10000011111001011011101111010010110011111110011000011111011000100011110000111100110100101001110011110001101000001110100001101010
01001100100100000011111010000110001101100100001000101011011111100000011101110111010110001010000110001010000110010101001111101111
01011011111010001110000000001101001110000110110100010011101010010110111111101000100010110001100010001010101010001101110100010001
10110110100111010110101110000101011011010111100001100111010100111010010101011111000000010100010110101100011101010101001100100010
11011000110001001111001111110101011001001001010000111011101001110111000000000010101001100000101001101000011010100010111110001011
11011111000110000000011010110000011100111000001010100100111100110100111110011111100001001010001001110101001001010100010110101011
10111011110001000011011001000001011010111111101111101111111100100111001101001111010010001010111100010100110000111100010000101111
01001000100100110000110010100000100101111111011110100101000100111111111010100110100011001000100110010001111100100110111111000111
11101100010110100101100010101111011010001001110101101101001001001010000001011110010110000010110000110010000010011111011000101010
01101011100000011011010111000000000010000000110100001101011100101010011010100101000001010111101001011001101101000000110101110110
11001101110101100001110000010000100101100101010111011111001110110111001001001001000101001110101101100000111111100110111001001011
00000000001010001100011000111010110111101100001000000001101001000110010010011001001000101111001011001010111001011111010100011110
00011100110111100000011100101100010111101011000001101001111001111110001111010011110000101100000011110000011100011001111011010100
10101100100101101010010010101111101100001110000101100010000111110011100001110011010011101111110100100111011101101001100001100110
00010100100101000111101100101010100101111111110010010000110000010011000111000101010010111011001001101000001101001111110000001011
11011111110101100010000010110000010001101000001110110101001101011101110011001011000111100001000011001111001111101101110101100100
10001100100000011100101011010110110011000000111011110010010010000101111111011001100010000011110000101000001011101101110100101001
00101110001110000001111101001011011101010111100000110011001001010000110100011100111100100100010011001000010010110101010011011001
00110111111001101111001101100101000010010000101000001001111011000101100001101101101110101100111011100111111000100100010110010000
00111000101001100100111110101101000110010010101101110001011110010011101110001101101000110100101101001011110110000010010000100111
01111001100011110010110111111101101110001110111111110010100001100011101111111110000010110110010101000010111100001100001110110100
01111000111101100001101101100111011111010010100110111100000100000001010110000001010001010001100000101110001110000001001101010101
11111101001001101010010100101001111101101011011010011010010111010101011111110000000010011100110000110100101001100011101000000001
11111100010001111100010110111011011000010001100011000100010100100111010100000010001010100101100010000000010110010101001010011111
00011010001010110100001100010110001100010111000100010011101010101000010001100011110011100000100000111001010111011010101000000101
00101011001100001101110011100100000100001010011000001101100101100010000000000001000101011001010001000100001010010001001111110000
01100101111001011001100001111010000010111100111111001110000001000100011000101110101010110110010100000110110111000000101110010011
01101110001010101001110001100000100110111011010111110000101110010101101111110000001101011000001110100101010100100010111001100011
00010110000100000001010100110011110100101001100100010010000111000011100011111100010000001011001110011001110001111101100100111100
11100001100111111000111101010110000100110101110001111000101001001010110010101101111011010111000001110011110000111100110110000111
01011011010001101110111111000001010101111110001101010000010010101111010011110001101110101000101011101101010011010101011110011001
00110000110001000111111100011011100111010001101001111111010100000011011101101111110010011010111110110101100010110011111011111010
11001010100011010000100001010000001010100011000100011011111011101001110111110010110101110110111110001010000001110110010000111111
11011001111001011101001100000000011100111111010100001010110000000010001011001100110011011010110010001100100111010000011110011101
11111011000101010000101010110011011000000101001011100011001110000010000101010011010001011001000010100000010111101101011101100110
01010101101110110111100101001001010111111000001001100100111000100011010100111000001010001001011111010001101110011111111011010010
00011100100111101111101111101001110011011010110010010100100000000111001001111011010010000001001100101101110110101111000100101111
10000111001000111000011001100001110001110110111110111101001100011110010111110101000101100101000000100111111111110000011100111000
00101101100011100100111010101101101101000001110100011111110011111111000000010101001111100111001000000001100110001010110011010001
10011100010001111001111111111001101111100011010101000111011110101000110111100010100101011010100100000111011101111001111101010110
11100111111000100111001010001101100100110101110111101000110111000100001110110101111011110111010100011000110111010001110110101001
01100001010110010000000000001010101001001001011010110111001011001000000101110010010010000001100111001100101011110011000110011011
10010011111000000011010111100010101101011100101111111110001001111110110000110101010010010011000011001000110010101001110100000101
01011100001010000011011010111011010111011111101011011110001110011011100101001110111101011110000001011110110101000010001010000101
00100100111101100011111001001011000010000001001110000011011110000111001010100101100001110011101100010110100111101001110000001000
11000111000010111101111010110011010000111111010111110101111111110001110101111100100011000011011011101000001001101001011000101000
11100011000100011000111000000000001011000001111001110110110110000111101011011001011111001101011111101011100110011011110111110100
10110110000101111100101011100100011100001010010100110101010110001101010101000011011001111011011110000100001101000011100101001010
01100100111100001010100001011011001000000011010011100000111010010011110010101011110000001000100001111110000001111101100001100011
11001100010001011001011011100001001111111100001010110010010001010010000101010111111010010110101101010101000011100001101100011111
01001110010101111000011001001010110001101010011100000010100011001110000000011111001010100000111000000011011100111100011111010010
10001110100101111011110101101100000001101001111111100000110001111010001011001110110010000110101010001101000111100111001010110010
10111010100110011110101011111001001001010001000110001110000011100001000011001000001111101101000010101011001010111111101100010011
11111011001011100101101110100111011110000000011010111111010010011101000100110001010111110110111100111001101111100101000010100110
11011100010011101111001110100011110001111101011111011011011011000111010011000011110010000011010110011101111100000100001101110011
11001110010010100100001100101110010101110111101110001111100100100100001001011000000010101111100001101110100000000101011001101111
11110001101001100001010100000111111110100001110001000110010011101110110010001100111010010011001101111101100111101010101010011010
00110001111001000111111010011110101100100110111010011011101011010110100100010110011101011000011011011100100110011010100000100101
11110010100000101111011110010011001011111001100101111101010111000001010100000001000000000011001010111101101001110101001011110100
11001101100101110000001101010000110011110100001010110110111101101101111010011111011100100110010110000110011111011111110001101110
10010011101010011000000000111000011101011111000101010101001110001100110001011100101111011100110110010001000011100100010101110000
10011101100001101100110010100100110100011000100001000000100110000010101111101000011001001100001101000111110000010111100101100110
00000000000000000000000000000000000000000000000000000000000000000000000000000000000000000000000000000000000000000000000000011101
