01100001010010010001011001001101111010011001110000101011100010101011001110000111010010001110001100110011001111100011100111110000
00000101110110111001110110011010011101011110011001100111000001011011101011110001100010101100100101011110000001000010011111100101
00110000000110110011111000000011001001110111011010101001101100000011110100010110110010101000010110101100001011101001100000101011
11111010100000100111000110101100111111101001100100010011100010111000101111111011101001100101111001011000010101100000110011010010
11001100011110001010000001101011101111010110010010001000010111011101010100111111011100110100011110001110010001010010001101011000
10010000000110111011000101111000101111010001111000111001110110100110000101110111100011010110001110111011011101001100000011101100
01010100110111101100101010000011011000110111011101010011010100011000000110011110001001111011100010110001110011110001001100111011
00110011101000111110101101111010110100010111010011000100100110101101111111110011100001100001111001111100011011001110010100111011
00011001011010011011010011001111010101111001011100111001101000110000011110100111101100101100010100111110011101110000100010111111
11111111001111111000010101101011100110111111010101111011100110011010001010011101111011101110011000010110011000101010010011110111
10111010100000110000011010110101011010010000010000101011011000010000000001101100001100001001000000100001000110111111111100001010
10000010110011110110010010100111001111110110110011010110100111001011100000111011101110110100011110111010111001010101010100101101
01111001111011111111110001000111110111110100101101000010001111101110111011110001001111011110101000101001101101110110000000010010
11000001000001100011011110001010000110100000011011011110000111111100101110010111101001100101000001110111100001100010000100011111
00111001110101000100111110010110111111001000011001101001011011110000010100100110010111011000000101001111010100011110000101000011
01000110101100111100100010100101011001101101011101010111001001010001111010101100011000111011000110000110011000011000110111000110
00011001011010000000111011111100011111100001110101001110011110010110000101100010111100010100110100010111011100110010101110010001
10100110011001100000010111111001011100101100110000111100011100101111111111011100100011111010101100100000111100110011111001110001
01110111011100010110100101100000101111001011100011110101110110000001011110100101000000100101001101001000100001001001110110000001
01101010111111100111110101001011001000101001100001111111011111011011111100000101101000011010010101110010100010000000100000010010
00101000001101010100001101100001000011000110001001110001101100011011100101011111010101111011101101001110000010100010100011100111
01010111000100100100001111001101011111111010010010001111101011000001101010111000111101001001000011100110000010111011100101001000
01100111010101100001001001100110111001010011101110101001000100111111100110000110101010001010011001110100110001110111101011001110
00100110010111010110000110000011010100000111001010000111001011000011100001100101010000001010101000100011001000001010001001101010
11000000010010100100101011101110111010010101001110111111110011000011001001110101101010100100111101000110010101010010110011101100
01111001011100000011100110101010110100001000111110000101110110011011101100101001110010000011010101011010111111110010001101100001
01101110010010000001010000010001110100101010000110001101011101100110110101011111110010001110101110000010010100111000010100010000
01110010101010111110001011101110000111010110010010000010010011010101110101100000100010001000110010010011010001001000110100100100
01001110010010101001100001110001100000001110111101111111101001110001110001000110110000100111111011110111000011101011001000001001
11110111110010101110001101011011001011101011100100001101111001001100111111110000010111000011101111111100111010111110110110011101
00000011000011100000010001101101011010110110001001100010100101001011001110000111101111110101000101100010011100110101100101000010
01000000111111100101111110010110010101101010010100100010001010100011000010110101111011000110011010010100011011101010100100001100
10010010111001001100011111111101110110001101110110100001111000101110011110011011100110000010001100100011100101111010110001111100
01011100101001001100000111110011111000000001000001111011100100011000100110101000100111110101110101111011111100010011111011010011
00010001110011011101100111001000110110100110111000101010011101011111111001011000101110100110111011001111101000101100100001100010
11110010100100111010001100011100010100111111000001100001011101010010110111010011111010110110010111001100101100000111000111100011
00101111000110110110011000000001110111100101000001010101110110101010000010111011010011111100101010010111011111010001101110011111
00001101001101111000100011010101001101111000101010010111110000000100000110100010101110101010111000101101111100010001010000000001
11001111000111100111111000001111001011011001010000111100100101010100110011110000111100011101001010000001001010010001010011001111
00100000001101100111110010100000011110100110101001000100101110111001100010001100111100000011001000111110011110010000111110101011
01011101110011000101001000111101001001111010110100010010110010111101010000101000010001010001001100011111111111101010101111000001
01011010000101101110000110001111011000101001001111000111101111001010111110111110001001110111110100000001001000010010011011111000
10011001001110100100011001101110011111000010101000100000001101100000110010110001011110100100010000010100110001110000110001011100
10101110101111010100010011010100111100111011011110110100000011100000101101011100111010011010001101100001111111011010110011101001
10011110110000000101010111001101101110110100111110011110000100011010101110101101000011101010110010101100000100001000000001110010
11011010000111100110110101001101011001011100110011001010101010001101101011100011011000110101010100000100110111011000111011100001
00011000011010011111001101101011110000110111111110011000010011111100010001100000100110010010011101111000111000111110110100111010
11100101110100010100101011011111101111010110111100110000001111101101000001011110101111101001000000000010001001101100110100110000
11100001110011010011001111000110010001110010001101001101111011100001011001001110000001001100111110110100001010001010110001010101
00110110000101110010001101000011000010101010100100111101001011000100000101010000101111000011001101111101011011010101100010000010
00110010111100011000100011000101011101000000101010111000011100010111001100011111000101110101010010010000001001101100010011100100
11010110101101010110101100011101001001110001111001100000000101010111000111000100010101111000011010110000010000101000101101011001
00000110110101110110000101001000000110000000110110100001111110100110010111110001010000001001000101011011110110110110000111111101
01100100100010000001010110100011010111000010001010100110000001010100111101011110011100011010101000100011001100110000110100010011
00101111110100010100010111111011010110011011101000011110001000100001000100001100111001101010100001101011110011010011101000110101
11111000111100011011110001111011100101100111011001001000101100001001011011100001110100110110110010111110100101011100001001011101
10111011110110001010100011010001100111101111010101101000111110101111110011100100101101001000111010110011001111111101100011001111
00001011001010010010010000001100100001101010011000000001001100011111001000001011011101010000011110011110110011110010001100001000
10110010011100001011110110100000010101000011111001111011010100001010101101101011100000110111111111010001101111110101110000110001
11110111101001000001001101101100110010101010111010100001101100101000010101101110000001001110001101001100001001000000100011100111
10110010111100011100000010100000111001111010111011111001010101110001011011010001100110111000100111000110110011011111111111110100
01011100001111110001110100000111111011001011111000011110110001010110000001000001100110010011010101100100001100110010111000001101
11101000111010101110110000110110101000111011011001100001111001010111101011100111110011001100011001110010100000000011111101100110
00100101111000101111111011010000111110001101010111010001010100000010011100111111010101100110001111000011110001110101001101101100
10111111010010110001010111100010000001011010010110011110001011101111101011100110111110100011000000101001011001000010111000000000
00000110110011101111100001101100110111110000100111011110101010001001110010011100101111111001111001110110010011000000110001111001
11000010000011011110110000011010110001110101100001110001001100110011011010011101111001100100000100100001110011001010111100010000
01001100001001001100001001100111000101100111101100111101001111110010011000100001011010001100001011000111011010110101000001011111
11010100111000110010011011001011001111111010000010010111011110001100000010001001010011010010011001010000100100101010000110011001
00101010111110010101111000010000011101110111111111111001101001100011100001001100110110011010111101001001010010111000111010001111
11101110010000101100001100011101011001011011001000011010101011001011100101101001000001001110001000111101000010111010110110001001
01011001100111000011110110110110111101100100011101001110100111010010000111010010101111101001011101110101001011000000100011011010
10110100010010101111000010000110010001111100101001000011111111110101101010000101000010010001010100000000101110111111111001101011
11000000011011101101000110111011011111100111100111110100010111101110011101001111000101100011110000011110100000001010011001011010
11000100011000010110101111001101100111110010111101010111000100000001111010111001001011011000000011100101100001001101001111000000
01100000010001111111010111000110111011101001101100001001110011011100011001000101110110000110110011000111111101000101100111001101
01110001011101111110111000110110011001000100011111101100011001010101011000110000001000110001101000100101011100110101001101010000
10010111010010110110100101011001110000100000011101000001110100000001001001101001110101011111101101100111101011000101110000011101
00101000110011001111100001101101100110010000011100111101101000100010011001101101010100100000100010111101101010000010000100110101
10010111110010010010100001100100101010010111110100011000000101111001010011000011010111111111110000100001011000001001010111110000
01000100101000100011101000111110000011000100000001001001011111010101000010001010100000001110000011111001001100111101101011000111
00010111110100101011100000111100110101001100011001110010010101000111110001011000001001110110111101111000010101010110010100001011
00010101001110011101111110100001111110000101000100111011001100001111001110111001011000111001100100110111011001010000001011110101
00010100000011010010010010100011111000110011001101101111001010100111111001111111001011101010111111111010010111111110111100010001
00001001010000110011100010100001100011000100100101111100000000011101101110111100111100110110001111010101110001001011101100100100
11100110101111000011111101011010010001001010110010000101100110001101000111001101000010101011110100000001001101100101010000000011
11111111111001110011011011011000101001101110000010010100010010101111000000000100011001000000001111000110001100100001100010000010
10001101100101111100111111111100010011101110011101011000111100111001100100111111011110011000100111101101100110101001111100001110
10110001101110000011100011010011100100111101101111100111111111000010101011111110101010100100010100100010100111001001101110100010
01100110101100010100010010111001111100001111011101111001010100110000100110001110000010001110011001111101111111001100110011110010
11011011010100110100111010000000110100101001010011110001010110100100101100111100101011111100111101101100000011111011010001110101
01010110000101110110100111111001000011000010011001011111101101100111011101011110110010110010101100110011010101001111110110000111
10000001011010101001111111001101100011010000011010111011001110011111111101011000101101010000110110111001010100101000110110001110
11101101100000000111111111101101101011001100011000101101010111010111100101000010000101001010000101101111101111010101110100000011
00111001011000101110101001110000010001111000000010100110000101000111111111001110110011101011111110101001100000111011010101101011
01000110010101101010001000101110011001111110000001010010110111011010110110100010111111001001011101011000101010110101010010001100
11111100011111011010101111000101100011001010001110001110000100111000010110001010110101110100011000011110110110000011111101001011
11010111111110101110101001101010110111010111001100010010000001101001011101101111101110101000110011010000101000011001001101011100
10100000100100100101101100101000111101100111001011100001011111110010101101110110100110000000101010100111101100001110001100101011
00101101110000000101100001110010110000011000010011010001111010101001000111001001010110110011000110111110111000010010111010000100
01100111100000111111100000100100100001111100101110100011111001110010101010010100011000011011001100000111011110000001001001101111
01011011110100011000111111000011011000001001111011000111010001001111101111101000011011101111010010001010100100110000010001100000
01110110110001000001010100010111111110101010000101111110100100101110000000010100100100100111111100011111101000111011001001100111
01100110010001101010011100011011101110010000110010110100010011100001111100111010011100000111000001101101010011110101010100101010
11001100001100100011001100011000100100101100011101000011010010001001100100110100011011000110001011110101010001111101001100110100
01011111000111010110100000100101110000010111101101011100001001001100010101111110111101011010010101000111011011101001000100111000
01010001010110011011010000100010101011000100000011010111110010100000000011010111011010010000001010110011000000111100111100011001
11110111100001110010000011000010000011011110010110101100110111000110010001100010011110111000011101001001101111101000010011111010
10100110011100101110011101101110101101001010110000000011101000000100011100000010111111010010100110100001110111000011101101011100
01111111001001000101000000100101010100111001000111010110100110100111001011000001101011100100001100000000001011110101011101110110
10111100101110100111111101010011001001111110100100111110111101110111111100011010101010111111101011110101101101100100010111001000
11110000100000000111111101001111010111001101001101010100111000001110011100011101000101100111000101001001101100110010101101111100
10100100101001001111111111000010010001100110111000100101010100001001011101101011010110011000011101101010000000011110000100101000
10110100011111010000010010100010001111001110001100010011101001100011100111111111001011000100001100101111010011110011110100000001
10110010010100010000110110101100010011001100000001011100100110110011010111110011010111010001110110101111010101101010011011111110
00000010010101000110101100110000110101010110011011011111111111111101111110000000010110101000001011011111110011110010100011010100
11110100111000000100111110110101010001100100101110100001100010010101100110011001000110010000001000101100010100010100000000010111
00101011110111101011111001000000110111100100001111011010111111010011011100010010010100101100010011111101000111101101110000000001
00101101010111110110000110011010000110101010100000001101010001100001100100001010110110001111101111000000001001110110011100000001
00100111110110001011110100011001011100110011110000101001111100000000010000111100111110101001111110111100101101011111010111100011
11110000100010010000011110111100111001010010100101100111001011011001011110101110001000010011011100110000101000010010110011110111
01101111001010010010000111011111110110001101000111110111100100100001100001000011101101101111000111000000011011100110111000111011
11011011110110000010100010100110000010110010011110010011111101001001101110101001101000100000110010000101010011110011010111001011
00110010101011001001100011111011111110111111110001001111110001000010100101010000001001001101010001011001011010010001101110000111
00011011110100011011100110000011100111000000101101010110010111101100011111000111000011010110011110000001100101111010000111010000
01011001011100011000010101001101011111011110111100100100010110100100000010101001111100111000101011000001001001001101110100001100
10010101110100000001000110110010100000001001000001101101001000011111011111101001100110001110100100000101001010010100101001000110
10111100011001010101111000000000011001100001000010010001010001000001001101010100010110110111110110111001000011110101100000110110
10110111110110101111010110011100101101101100111100011010010010100111110110011011110011010011110001101000010110111100010010000111
10111011011001110101110110011010010110111010010100001110001000011010101110000011001011010011001001111111001000011011101100010110
00101110001110100110101110001111011100011010100011010001000101100010110110110001111111000101110110100010001100001011101000011111
01011001100010010010001100101100011101001100000000110000000010110001010010000100001001100001001111100001101010101111000001000010
11101011000000101000000110100101100000000000100110101110000001000001000000001011000001110111011110001100010110010001010011110100
00011001111100010110101010011010111101111010011101100010100111101011010111100000011010000000011110010100011100011000000000110000
11110001111010101110110111101010100001101111110101010001100111110001100001010000110110000010001110101110101000111000011010010001
10111101011010110111011001100000001010100101011111011010111010001111101000100011010010111011000011001110000101010110100100011111
01010101110010010010110101010110000010111011101110011101101010000100101111001100101101101011100101101000111100000101011101111101
01111101000111100110100011010010001000111010000010011000011000110011000110000111101110011011010100011001001011100011011110000100
00000000000000000000000000000000000000000000000000000000000000000000000000000000000000000000000000000000000000000000000000010011
