10101001001001110100110001010110
00101100100101101100011010001010
10011011000010010001110000010101
10001000010010000101100010010100
01000000110111010000100010001101
01100001011011011100110001011001
01100011011010010001000101110111
01010000011110011111010011110011
11001100000000111100000111000010
11110100100101100110111000000110
10011001010101011111010000011001
00110111010000110100101001101000
11010100101101000000100111101001
11110010010000111000001000101100
00100000011011100110111111000010
01001000010001011101001001001000
