01110010100000111011110111110100100010101110010100001011101000110111100111101011101100001010001010111010000000001010000000101011
11101110100111111010001111010111010111010100100000100011001101101111100110100111111101101010101101001111001111101101001000111010
10100100001001010100011101101111001010100011100101110111110110000000000010100010001010010011101111101110011011111001011010100011
00011010101011001000101010110101100011110101001111011110101111011001110101001010110011111111001001010111101011001000010001100111
00101001011010000010101001101010011110001111101111110011001000001000011001110011001001110110110010011010001010010111111000010001
11010001001001011001101100111000101110100001000100101100101111101011010101001001110000110111010000001001100000011011001011001010
01010100000110110110001100100100111010010100010110110010101111000110000011011101110000101100000011111010100110100010000001010001
01111111001011001100110100010111011101001001101001010101001000001011110011100110111110101111010010001001110100000001100010110000
10001101001100100101101010011001010100011100100110010101100110100011001001101111001111001101100000010000010000001100111000001000
00000010000010111010101010111101110110100011100100100000100101110001000011000100111011011110101111000011001011100010101000101001
10011100011000000000000101101101001111111000101100110100010100110011101101101010011001110011110111000010101100100110111111000101
00001011010001010101101101100001100110101010101111111011010001110110011001000100000101111110001110010100001001011101001001010101
10001111101011011001011101100100110100000111011000101111011101101000010110000101110111110100100111111110111011010111000010100111
01101000110101011001001111010100001010111001111001100111000011110010110010111010011110010100110000111011110011110101110100110111
01111100110000100101001110110010110100101000000001100110111001100010110101111100101101010100100110111001011100110100010111111111
00001100000000110100100111011100111101010000111001101011011101010110001010101000011101010111100011101101011000110010101110001110
00110011100100101000001111111000100111001110010000000101000110000101100001011110110110001100011010010010011111101110101001110010
10011111011010010110110011101001011100001111000010000010100010010111000010100000101000110000011110010001100110000010100000100010
00000011011000101010000001101110001111001001000111111100011001010100100001000011011110111001010001010100111000000101011110110100
11010011001011001001111010100111110110001111000001110111010111100011001011000011110000101111110100101100000110011001001010010100
01110011110101011100111101110010011001100000111111001000001001100100011001111110010010110000010010101110001110010001111100001000
00011101011110011000001010010110010100011010001000000010000011001010010101000000101010000000001100110111110101100000000001101010
01110100110000111000001111010011001101001110100110101100011000000010000000101111010000011100010000001100110100010000111000010110
10101111001000111010001011100000110110000101111000010110110110001100101001111111011001111101100000100000001010111000100101111111
10101000010000001110110100110111010000010101111100000110011001111011101001100101100010001101000011000001100101011100010001101101
10000100110001111010000101100010001100000100010110000010101111100001001110101010110010001100110110011100101000101001001110001010
10000111011011001101010111010011101111001010000101001111000101110101011111011010011101000100000001100000010011100101011100010000
01001100101101100000111010011110100101100111000010011010000100101100110100101000010011010100101100100010001001011111000011000101
00010000101101010010111000111101100001011001011000111001001011000100101110000001111101100011001110111111110110000111110001000001
01010001111110000110101100001101111010010001000001001111111010100111111010110101110101100000000001001111001100001110000110111000
11011011101001010111101011100100011010010111010000101011011101100010010001110110001011101110011101101000100001010000010011000101
01010101010100111000001010101001101100111111111000001110001110010100101010011111110101101101011111111001010010101000101010010111
01111011001111101000000100110100010001110101011111010001111010101111111001111001010101011100000101101100111000011111010101110111
11111100001010001001101011100001001111110001010010001011111000001011001100010100010001110111001101001110010111001110110011001100
00111110100111000011010101011100010001101100011000110011110110011110111111001001011000010010101000011011010100101011001100011010
11010110000100101000001100110001000111110011111101101100111100100001101110111011000101100111000000111100101000000001100001110010
11101000011000001110110001010100011111000001110101011011101010000011011001010011101111110100100011001110110110111110110001011000
11101001110011001001110000011001010110100011010001000011010000001011010101010001010000000000001011011011101100011000011111011011
10110000010101100011001011100101101001110110000101110100111011011001001101110101000111100011011111010010011001001101111110101100
00001000100000100010100110110011001011110100110101110001101101110000101111001000000010101001110111100010111001011101100011010000
00110000110101001011101010100000111001111110001110010100111101010100000001111101010010000100101010101100100001010011101010000000
00101000110101001101101100010101101101001000111100110111010000101011011010110011101001001010010000000010110110010101100101000010
11101100101100000001111000110001111111001010101110111001110100011011010001010110001111011001110010100011100100010100100111000101
00100100100100001010001011101111010000111100100011001000111100001110001111001110000010010010000111101110001101010101111111000011
00111101001000000011010011011010011011100000100110101110010111010010010001101000000010110111000011001101110111101111001001110000
00100111111010001101101000011001111110101100010100100101101000011111101111101000000101001000110001110100010001011001010010001101
01100011000100001100111010011001011110011110000111101000001101101100101101100111011110001100110000100101100110001011110010111100
01110100000100110101101110001110111111110101000000100010000000100101011110001011100001111110011010001101011100010111110001010111
10111010101100010111110110001010010011010110100100111110000101110000101010100101011000000011100100101011000100111110001100010101
01000100110011110101001000111101000010000000010011100010001000011101000110111100011011000000100010100111000111101110111011110011
10011010100111111001010010100100011110010010111001101111010000101101011000011100100010000010001100000011110001111100001110100000
10000111110100011110001110000111010111101101110010101101011001010110001100110010100111101110010110110101101100100100100100010001
01101111101111000100111011111111000100011100110011110110010100001111100000010011111110011101111011000111101110010001011100000010
00110110111110111000000110111100101110001001010000101010001000110100101101100010001111001101010101000010110001111111100000110110
01111100110011010101100111101011000111000111110100011011101110100101000111101100001001000001101111001101110001100011110000111111
00100011000000110000010001010000011011111010110001111111110111000111000100110111010000000000001000111000100100000101111010010000
11110111101100001111110000100011110110100100011001011010010010010111101110111111010001111110000010110110101010011000010000000100
11011000001110011111001101100000001001101011010101100101001011000000111001001001100001001010101100100110111000011111010111010011
00100010100100011101110010001111110110011011101111111100000110001101100110011010001110101001100100010100000001110001110111100101
00101100100001101000111100010100101000100001110101000011100101110000100000101001011101110010001001011011010000100100011000000100
11010110001010011010111101111100011010011000101000011110010001010100000001001001110001010000000111110001000001010101110010110011
11101111101000101001111110011101111011001111100010010110000110100000001111000101101111110110101000010111101100001101000110100101
11000001110010111111001010100101011000010110110001101001101101001110111000001011010000100100000111000100001101001111010010011011
01100001100100111001001011110011001011100100111010010100001000011011010111101100001111011010011100111101010001000001001001010101
00111110110000100001110000000100100000011000110001111100011101001101011100100001110111100101100010100011000100111000001101001111
11001101010000011110011111000010111000100000001100010101100101000000111111010010011110100000110111010100111010100100000011110001
00100110101111011000110100101111010010101010011101110000000001101100110011010111100010110001100101111111100111000110011001011100
11001000000001100000101111011100011011101000111000111000001010000110010101110101010001100111000110001010100100001001001100000111
10101110110101011000101001111000000000000000000100100000001001110011010111111001001001000111110111010011100010010001000101101101
11111110110011110011001111111000110101011111110111001000011010100100010111111001100100010001000100000000000011000010110010001110
01110100101101101000001000101100010101000000101110100011111110110001111011001000011111010111100000011110101000001100111110111000
10111101110000111100000101011100110010111101000110001101100110101110010010111001100110001100101110001100011110111101000000111101
10100011101001000011110010110101111000001111110001100110100111110111011000110010111111110101000011001110100111111111100110100101
00101000110010001011010010111001000010011100101111010101010001110100101100101011010010010011001000010110101111000110111110101101
11100110101111111001011000101101000101100111011111011010010001000101101010100011011010010110001100011101111100010110110001100100
11011001001011110100101001100011011111011111100001011111100001011001001010001000111110111110111011000010101011001111000101100100
10011101101010000001111000110110101100011111010110010101000110010110101110111001011010011000000100001100010011001001100110010101
10101110011010101100011110001101111010000011101100110100111110101011000001101001110110100001100101001100111010011000010010001011
10111001010011010100101100001001110000000100001100011101110001110110111010100101110101000011011100100100000010100000000000111000
10001010111010010000001001010110101110110100111001100001111100011001010011101001110110111011001011000110101101010011110001010010
00100100000000000000001111001001101000010110011011001011000100101100010101101111011010111011101000100000010100110011000110011110
01100011110011001110111011110011100001001110111001100110011001100010100010000011101111110001101000001101001001000000110000101111
10011001100110110101101001011011110011000010001100100101111011100110010001011111010110111100001010001000011100110110001010111110
11111001100111010010001010100010100110000100101010011000011001110101111101100001011000100001000011100001010001011101000011101000
11010000110010100010101101101011111011100110001011100111100011010011100100000011010110000010101110111100101100000101001100100011
01001110101101111111011100110100010110010001100111000011010111101001110000110111001010110011101101100111110101001100111111000110
11010101111000111000000111101010101110111010100001011010100011001111100011110010110101101100001010110101110000100001000110101100
10110111000011101100111101101010101100101110110000011001111000011101101110011001010101011100011000010111100111001000010101100001
11101011110000010010010111100010001110010000011111101101111101101111101100101100100110111110111001100000010001011010011110111111
11110011100011011011011000101111111111011110110001100010010011001110011100101001110001101100101110011000010101011111011100000010
10110011110101111001110100011011010000111100101000001111110101100000011110101010011011001001000100011111010001001100010010110000
11010000101101010011101110111111100110110110111001001010001101101001010101101000010100111100110100001101111110001011101011100100
10101011110111100010100100001111101101011110110110000110011110110001101100011001101001010101001001110011101110101011001111101110
10010011010011010111011101100001010010000100101000100010000101111011000101000010100010001111111101011011100000000000010010100111
00001001111000001000100101001010011010001101101101110111011110110100001100010110011101100011110010000011100000000101011100001111
10111010101111000110100100101011111101111100011001011000000000000100111001000100101111000000001111101101000011111000011011110010
10110110101100000001111011111000101101000011011011011100100000111001001111110011101100010011100000001011101000101101011001101001
00111111110000101111111010110110000000111111001011110100111001111010010001101101010110000000010111000110100110000001011101110011
01011101111010011001000101000010001010011000010110001001111111101011100000110000000000101110111101010111011010100011110010011000
10111111010010110011011000001111110001110011101100001110111111001111010001110000111110001001011110110010111011111100011100111111
11110011110011010001101110110010110110110001101110110101001110010110011111011111111001000010110111010101111000000001011100111100
01101000111101000011011001001000001010011011111000001001011001111111101010011000110111110111110011011010010101110000001011001001
01000001110010100000101110010001100010110100100001100000100001000111011101011101100000010000001101001111011010100111111001110110
11011100011010001100000010110011111000100011000000001110000101001010110110011100100101000111101001001110000000000110111000000110
10001010110101000000010010101010110010111001010001100000001101010001101111100000000101000011011010000110011011111011111100100010
11111111000101100011001000001111110011101101001000100100010001100011101110100000001000100001100100110100000010001001011000110001
01011100000001110010101000000100000110110001111000100011011010110000000001011011011111001000110111001111100111010100010000100000
01100100010101010000010011000110000000000001000000011000010000111101100111101010101011101001111000000000011000000000110110001110
10010011101000011101101011101100000100011101100011110101110011101111110001111000011011001100000110000110010100000110111100000100
01101011001101110011100100111110100010000000111111101110000010010010001000101101110001100100001110011100011111011110110001010101
00000100010110010000010010001111101111111010000000110110101001110111101000010101111100011101100111000000011100000010000100001101
10101100001111110111010011001111101011001010001000101110011011101010100001101101100110010101110011001001000001000111110001100110
10010011001010100100111101100100010000111100100111110011000111101001001011000011111010010001101110111101110101111110001111010101
00100010001111000001101111011000011000100111011110001101000000010000101001001100101001101101100100010100100100101000101001100000
11100010000010111111010010000000001100101001010110111100110010110100111110011001010000011101100000101001101100001000100100111101
00100011001111100011001110011101101011001001110110001110001011111000011111000010011101000111101110101011100101001111100000001111
00001010001011001001110001000001110110010000111100001110010110110110011000111001111101101011001110100101000000000010100100101001
11100010100100000010010111111000111000100111011110011101111100100100100001101110001100111000011001100101001001111000000010110000
01011110100001011101100000010100010001011111100100010101011011100100010110110100100010000001100101010011010010010011110011110011
00000000111001001000010101010111001000111100010110000011011111110111101011100101101011111110110001011011011100011001000001110011
10100000111010100010011010001100100111011110010101110111101101011000011010011101100001101100100010101110110110110111010001110100
10110011111100010010011011111011101101111101010000010100100010110000001100110010001001010110011001011000000101111100001001110000
10001001110011111100011101100001010000110100011000000010010100001000100110000011101111000110000100101110101110010000001000011101
01110101111110111001100010100010110110110111110100101101010100111111000000000000010111100011011010110011000000010101001010111011
01010010100000100001001011110001100011011101101000011011001000100101111111010001111101010100011000110101001000100000110100110011
11111110111110101001100100110110100101010100100101110101001000001100010101101110010000011001011111101101100100111010011100010110
00010000111110110100001101100000110100110011100111111101011110111011010100001100011000110011110011000001101100110111011000001110
00110100110011011001110101110001100111101110010100101101010011000010100100110000100010100101111111111101001100101000011010100100
00000010100111101110100100010111100010010010100101011000111111101000010110010101001010110001000000010001101100011010100100001000
11111010001110101000010001000101000110001000000000111110100111010110111101001110111000110001000010001000011010111001100110011110
10110001111010010110010100000010100010101101101001100000000011111101000100110110010000101110101100101101101101010101101011001110
11000100011111100001000001100110100011111011001011010010010011000101010011011101110001111111010100111101011110101110010000000000
01101110010110000011000000100110110100000010011000001000110101101111010110110000110100000011101101001011011101111010110011101101
00101100010100011110010000000010001011000100011011010000100100001010010110011011010111100111011100001010001100100011100111011111
01100111011001110110011010010101110100000110000100001010010110011100110110000110001110011010010011000111101110111010011001000100
01101011111011101001100000001100010110111111111100001010100111001111010000011010110101011000100010101100101101011001101111001100
01011010011110000101000100100101000100100010000001110101001001001110011010100000100100110111110110001011110000111000101011101100
01010000011010000110100000001010001110010001010100000010001100011100001011001110001110111100011110101100111000001101011100110110
00000000000000000000000000000000000000000000000000000000000000000000000000000000000000000000000000000000000000000000000000011000
